# Created by Octave 6.1.0, Thu Apr 08 08:25:21 2021 GMT <unknown@JJFG-ASUS>
# name: a3
# type: matrix
# rows: 3
# columns: 3
 1 0.5 0.33333333333333331
 0.5 0.33333333333333331 0.25
 0.33333333333333331 0.25 0.20000000000000001


# name: a4
# type: matrix
# rows: 4
# columns: 4
 1 0.5 0.33333333333333331 0.25
 0.5 0.33333333333333331 0.25 0.20000000000000001
 0.33333333333333331 0.25 0.20000000000000001 0.16666666666666666
 0.25 0.20000000000000001 0.16666666666666666 0.14285714285714285


# name: a5
# type: matrix
# rows: 5
# columns: 5
 1 0.5 0.33333333333333331 0.25 0.20000000000000001
 0.5 0.33333333333333331 0.25 0.20000000000000001 0.16666666666666666
 0.33333333333333331 0.25 0.20000000000000001 0.16666666666666666 0.14285714285714285
 0.25 0.20000000000000001 0.16666666666666666 0.14285714285714285 0.125
 0.20000000000000001 0.16666666666666666 0.14285714285714285 0.125 0.1111111111111111


# name: a6
# type: matrix
# rows: 6
# columns: 6
 1 0.5 0.33333333333333331 0.25 0.20000000000000001 0.16666666666666666
 0.5 0.33333333333333331 0.25 0.20000000000000001 0.16666666666666666 0.14285714285714285
 0.33333333333333331 0.25 0.20000000000000001 0.16666666666666666 0.14285714285714285 0.125
 0.25 0.20000000000000001 0.16666666666666666 0.14285714285714285 0.125 0.1111111111111111
 0.20000000000000001 0.16666666666666666 0.14285714285714285 0.125 0.1111111111111111 0.10000000000000001
 0.16666666666666666 0.14285714285714285 0.125 0.1111111111111111 0.10000000000000001 0.090909090909090912


# name: a7
# type: matrix
# rows: 7
# columns: 7
 1 0.5 0.33333333333333331 0.25 0.20000000000000001 0.16666666666666666 0.14285714285714285
 0.5 0.33333333333333331 0.25 0.20000000000000001 0.16666666666666666 0.14285714285714285 0.125
 0.33333333333333331 0.25 0.20000000000000001 0.16666666666666666 0.14285714285714285 0.125 0.1111111111111111
 0.25 0.20000000000000001 0.16666666666666666 0.14285714285714285 0.125 0.1111111111111111 0.10000000000000001
 0.20000000000000001 0.16666666666666666 0.14285714285714285 0.125 0.1111111111111111 0.10000000000000001 0.090909090909090912
 0.16666666666666666 0.14285714285714285 0.125 0.1111111111111111 0.10000000000000001 0.090909090909090912 0.083333333333333329
 0.14285714285714285 0.125 0.1111111111111111 0.10000000000000001 0.090909090909090912 0.083333333333333329 0.076923076923076927


# name: a8
# type: matrix
# rows: 8
# columns: 8
 1 0.5 0.33333333333333331 0.25 0.20000000000000001 0.16666666666666666 0.14285714285714285 0.125
 0.5 0.33333333333333331 0.25 0.20000000000000001 0.16666666666666666 0.14285714285714285 0.125 0.1111111111111111
 0.33333333333333331 0.25 0.20000000000000001 0.16666666666666666 0.14285714285714285 0.125 0.1111111111111111 0.10000000000000001
 0.25 0.20000000000000001 0.16666666666666666 0.14285714285714285 0.125 0.1111111111111111 0.10000000000000001 0.090909090909090912
 0.20000000000000001 0.16666666666666666 0.14285714285714285 0.125 0.1111111111111111 0.10000000000000001 0.090909090909090912 0.083333333333333329
 0.16666666666666666 0.14285714285714285 0.125 0.1111111111111111 0.10000000000000001 0.090909090909090912 0.083333333333333329 0.076923076923076927
 0.14285714285714285 0.125 0.1111111111111111 0.10000000000000001 0.090909090909090912 0.083333333333333329 0.076923076923076927 0.071428571428571425
 0.125 0.1111111111111111 0.10000000000000001 0.090909090909090912 0.083333333333333329 0.076923076923076927 0.071428571428571425 0.066666666666666666


# name: a9
# type: matrix
# rows: 9
# columns: 9
 1 0.5 0.33333333333333331 0.25 0.20000000000000001 0.16666666666666666 0.14285714285714285 0.125 0.1111111111111111
 0.5 0.33333333333333331 0.25 0.20000000000000001 0.16666666666666666 0.14285714285714285 0.125 0.1111111111111111 0.10000000000000001
 0.33333333333333331 0.25 0.20000000000000001 0.16666666666666666 0.14285714285714285 0.125 0.1111111111111111 0.10000000000000001 0.090909090909090912
 0.25 0.20000000000000001 0.16666666666666666 0.14285714285714285 0.125 0.1111111111111111 0.10000000000000001 0.090909090909090912 0.083333333333333329
 0.20000000000000001 0.16666666666666666 0.14285714285714285 0.125 0.1111111111111111 0.10000000000000001 0.090909090909090912 0.083333333333333329 0.076923076923076927
 0.16666666666666666 0.14285714285714285 0.125 0.1111111111111111 0.10000000000000001 0.090909090909090912 0.083333333333333329 0.076923076923076927 0.071428571428571425
 0.14285714285714285 0.125 0.1111111111111111 0.10000000000000001 0.090909090909090912 0.083333333333333329 0.076923076923076927 0.071428571428571425 0.066666666666666666
 0.125 0.1111111111111111 0.10000000000000001 0.090909090909090912 0.083333333333333329 0.076923076923076927 0.071428571428571425 0.066666666666666666 0.0625
 0.1111111111111111 0.10000000000000001 0.090909090909090912 0.083333333333333329 0.076923076923076927 0.071428571428571425 0.066666666666666666 0.0625 0.058823529411764705


# name: a10
# type: matrix
# rows: 10
# columns: 10
 1 0.5 0.33333333333333331 0.25 0.20000000000000001 0.16666666666666666 0.14285714285714285 0.125 0.1111111111111111 0.10000000000000001
 0.5 0.33333333333333331 0.25 0.20000000000000001 0.16666666666666666 0.14285714285714285 0.125 0.1111111111111111 0.10000000000000001 0.090909090909090912
 0.33333333333333331 0.25 0.20000000000000001 0.16666666666666666 0.14285714285714285 0.125 0.1111111111111111 0.10000000000000001 0.090909090909090912 0.083333333333333329
 0.25 0.20000000000000001 0.16666666666666666 0.14285714285714285 0.125 0.1111111111111111 0.10000000000000001 0.090909090909090912 0.083333333333333329 0.076923076923076927
 0.20000000000000001 0.16666666666666666 0.14285714285714285 0.125 0.1111111111111111 0.10000000000000001 0.090909090909090912 0.083333333333333329 0.076923076923076927 0.071428571428571425
 0.16666666666666666 0.14285714285714285 0.125 0.1111111111111111 0.10000000000000001 0.090909090909090912 0.083333333333333329 0.076923076923076927 0.071428571428571425 0.066666666666666666
 0.14285714285714285 0.125 0.1111111111111111 0.10000000000000001 0.090909090909090912 0.083333333333333329 0.076923076923076927 0.071428571428571425 0.066666666666666666 0.0625
 0.125 0.1111111111111111 0.10000000000000001 0.090909090909090912 0.083333333333333329 0.076923076923076927 0.071428571428571425 0.066666666666666666 0.0625 0.058823529411764705
 0.1111111111111111 0.10000000000000001 0.090909090909090912 0.083333333333333329 0.076923076923076927 0.071428571428571425 0.066666666666666666 0.0625 0.058823529411764705 0.055555555555555552
 0.10000000000000001 0.090909090909090912 0.083333333333333329 0.076923076923076927 0.071428571428571425 0.066666666666666666 0.0625 0.058823529411764705 0.055555555555555552 0.052631578947368418


